8183
4801
8352
5831
7698
9011
7168
9372
5041
221
9255
7481
4610
7517
9860
7239
592
4051
6095
2051
9509
9732
7540
3162
2859
7651
7693
8979
850
7120
6526
8823
5178
1124
550
4482
9629
9813
6003
9825
4571
1522
5795
9507
4264
6914
4489
789
6139
2269
6771
8301
964
1558
9391
5992
1690
1057
5586
4784
2238
9029
6791
4834
3558
9417
5861
7643
7129
742
7323
3443
9271
915
4826
5838
1724
1416
2617
4623
9082
2229
2909
7723
8826
3036
6356
1848
7424
2652
8083
8875
4075
7334
2826
2661
127
9719
2934
4533
3535
7388
5217
3032
4529
6292
5191
6749
964
6026
6524
3462
3699
9910
7184
7387
2375
5231
3663
3661
148
1408
275
6093
5597
5133
1383
5595
4442
5375
5872
625
8000
6313
3051
8015
2194
8944
5383
236
1529
6065
7551
3715
2747
4499
7935
1023
8302
192
5890
2707
7389
4222
8033
8118
967
2980
1597
2942
2439
8405
6701
517
2552
5568
3968
2615
7733
2335
7652
3495
4552
7267
2734
6139
3589
9136
7956
9427
8899
7942
6029
1379
8155
4919
7426
1608
8171
7653
7975
507
7611
1423
8732
3947
7914
1228
2956
4545
5198
7138
3289
1618
8659
6125
7815
4591
9802
3094
7945
119
8511
7953
6984
2400
1429
4384
9370
2083
6980
6143
7918
6905
3249
1545
6929
4225
6520
4876
5868
8368
5054
7835
8802
9973
9529
9612
8872
9763
2839
7523
4592
3616
91
1024
1047
9731
8267
3013
2009
2193
5817
5796
4101
1897
6279
9773
2615
9194
8697
7485
7257
333
8461
2640
2799
7218
7616
7546
6099
3368
7175
190
5479
4880
6788
8652
2651
3139
2766
4967
6792
5754
1146
7906
8259
7108
1941
7174
4866
174
384
7297
7060
4208
2291
7739
9624
6962
2907
6295
5107
6378
1236
6071
2869
3414
9587
6976
5292
5561
5726
4482
611
2831
6692
4873
7568
3785
9731
4742
1127
4142
9771
9792
2270
4518
3330
4520
9311
3419
7897
5130
6855
9802
7942
3007
7241
6845
2483
2099
7608
7844
8881
9944
9492
2970
8615
102
490
1130
2113
6461
5876
2371
2331
7578
7528
2714
3749
1719
2752
9409
454
6284
2161
5274
2898
5144
1185
6998
3229
2527
142
5530
4325
9547
3423
3587
1418
8322
9997
6475
9848
961
1752
4340
605
8688
5159
9178
7980
3468
4021
5206
8291
3274
9038
2739
3387
9516
7670
2648
6466
4565
4471
5122
1859
1344
6029
7452
6902
5444
4343
7332
3423
376
2148
2412
730
9882
9957
1035
4363
1188
2252
5072
5590
161
3044
2128
6830
3456
7065
373
2890
8970
1298
8434
775
1871
7578
5671
9374
550
8159
6184
2930
6552
6597
7355
1966
9369
6614
2278
3312
4663
8436
8560
907
7990
5067
8365
6737
6598
2757
5295
5808
279
4032
2619
2588
5027
4412
5015
4987
3071
2197
3508
1958
5639
6599
760
4303
2415
5831
4138
2905
2154
5797
5500
6220
3432
9926
3962
2359
7553
8441
