0.001	4.102	0.0
0.001	4.102	0.9
0.001	4.102	0.9
0.001	4.102	0.9
0.001	4.102	0.9
0.001	4.102	0.9
0.001	4.102	0.9
0.001	4.102	0.9
0.001	4.102	0.9
0.001	4.102	0.9
0.001	4.102	0.9
0.001	4.172	0.9
0.001	4.172	0.9
0.001	4.172	0.9
0.001	4.172	0.9
0.001	4.172	0.9
0.001	4.172	0.9
0.001	4.172	0.9
0.001	4.172	0.9
0.001	4.172	0.9
0.001	4.172	0.9
0.001	4.172	0.9
0.001	4.172	0.9
0.001	4.172	0.9
0.001	4.172	0.9
0.001	4.172	0.9
0.001	4.172	0.9
0.001	4.172	0.9
0.001	4.188	0.9
0.001	4.188	0.9
0.001	4.188	0.9
0.001	4.188	0.9
0.001	4.188	0.9
0.001	4.188	0.9
0.001	4.188	0.9
0.001	4.188	0.9
0.001	4.188	0.9
0.001	4.188	0.9
0.001	4.23	0.9
0.001	4.23	0.9
0.001	4.23	0.9
0.001	4.23	0.9
0.001	4.23	0.9
0.001	4.23	0.9
0.001	4.23	0.9
0.001	4.23	0.9
0.001	4.23	0.9
0.001	4.23	0.9
4.5E-4	4.046	0.9
4.5E-4	4.046	0.9
4.5E-4	4.046	0.9
4.5E-4	4.046	0.9
4.5E-4	4.046	0.9
4.5E-4	4.046	0.9
4.5E-4	4.046	0.9
4.5E-4	4.046	0.9
4.5E-4	4.046	0.9
4.5E-4	4.046	0.9
4.5E-4	4.046	0.9
4.5E-4	4.046	0.9
4.5E-4	4.046	0.9
4.5E-4	4.046	0.9
4.5E-4	4.046	0.9
4.5E-4	4.046	0.9
4.5E-4	4.046	0.9
4.5E-4	4.046	0.9
4.5E-4	4.046	0.9
4.5E-4	4.046	0.9
4.5E-4	4.046	0.9
4.5E-4	4.046	0.9
4.5E-4	4.046	0.9
4.5E-4	4.046	0.9
4.5E-4	4.046	0.9
4.5E-4	4.046	0.9
4.5E-4	4.046	0.9
4.5E-4	4.046	0.9
4.5E-4	4.046	0.9
4.5E-4	4.046	0.9
4.5E-4	4.046	0.9
4.5E-4	4.046	0.9
4.5E-4	4.046	0.9
4.5E-4	4.046	0.9
4.5E-4	4.095	0.9
4.5E-4	4.095	0.9
4.5E-4	4.095	0.9
4.5E-4	4.095	0.9
4.5E-4	4.095	0.9
4.5E-4	4.095	0.9
4.5E-4	4.095	0.9
4.5E-4	4.095	0.9
4.5E-4	4.095	0.9
4.5E-4	4.095	0.9
4.5E-4	4.095	0.9
4.5E-4	4.095	0.9
4.5E-4	4.095	0.9
4.5E-4	4.095	0.9
4.5E-4	4.095	0.9
4.5E-4	4.095	0.9
4.5E-4	4.095	0.9
4.5E-4	4.095	0.9
4.5E-4	4.095	0.9
4.5E-4	4.095	0.9
4.5E-4	4.095	0.9
4.5E-4	4.095	0.9
4.5E-4	4.095	0.9
4.5E-4	4.095	0.9
4.5E-4	4.095	0.9
4.5E-4	4.095	0.9
4.5E-4	4.095	0.9
4.5E-4	4.095	0.9
4.5E-4	4.095	0.9
4.5E-4	4.095	0.9
4.5E-4	4.057	0.89
4.5E-4	4.057	0.89
4.5E-4	4.057	0.89
4.5E-4	4.057	0.89
4.5E-4	4.057	0.89
4.5E-4	4.057	0.89
4.5E-4	4.057	0.89
4.5E-4	4.057	0.89
4.5E-4	4.057	0.89
4.5E-4	4.057	0.89
4.5E-4	4.057	0.89
4.5E-4	4.057	0.89
4.5E-4	4.057	0.89
4.5E-4	4.057	0.89
4.5E-4	4.057	0.89
4.5E-4	4.057	0.89
4.5E-4	4.057	0.89
4.5E-4	4.057	0.89
4.5E-4	4.057	0.89
4.5E-4	4.057	0.89
4.5E-4	4.057	0.89
4.5E-4	4.057	0.89
4.5E-4	4.057	0.89
4.5E-4	4.057	0.89
4.5E-4	4.057	0.89
4.5E-4	4.057	0.89
4.5E-4	4.057	0.89
4.5E-4	4.057	0.89
4.5E-4	4.057	0.89
4.5E-4	4.057	0.89
4.5E-4	4.077	0.89
4.5E-4	4.077	0.89
4.5E-4	4.077	0.89
4.5E-4	4.077	0.89
4.5E-4	4.077	0.89
4.5E-4	4.077	0.89
4.5E-4	4.077	0.89
4.5E-4	4.077	0.89
4.5E-4	4.077	0.89
4.5E-4	4.077	0.89
4.5E-4	4.077	0.89
4.5E-4	4.077	0.89
4.5E-4	4.077	0.89
4.5E-4	4.077	0.89
4.5E-4	4.077	0.89
4.5E-4	4.077	0.89
4.5E-4	4.077	0.89
4.5E-4	4.077	0.89
4.5E-4	4.077	0.89
4.5E-4	4.077	0.89
4.5E-4	4.077	0.89
4.5E-4	4.077	0.89
4.5E-4	4.077	0.89
4.5E-4	4.077	0.89
4.5E-4	4.077	0.89
4.5E-4	4.077	0.89
4.5E-4	4.077	0.89
4.5E-4	4.077	0.89
4.5E-4	4.077	0.89
4.5E-4	4.077	0.89
4.5E-4	4.08	0.89
4.5E-4	4.08	0.89
4.5E-4	4.08	0.89
4.5E-4	4.08	0.89
4.5E-4	4.08	0.89
4.5E-4	4.08	0.89
4.5E-4	4.08	0.89
4.5E-4	4.08	0.89
4.5E-4	4.08	0.89
4.5E-4	4.08	0.89
4.5E-4	4.08	0.89
4.5E-4	4.08	0.89
4.5E-4	4.08	0.89
4.5E-4	4.08	0.89
4.5E-4	4.08	0.89
4.5E-4	4.08	0.89
4.5E-4	4.08	0.89
4.5E-4	4.08	0.89
4.5E-4	4.08	0.89
4.5E-4	4.08	0.89
4.5E-4	4.08	0.89
4.5E-4	4.08	0.89
4.5E-4	4.08	0.89
4.5E-4	4.08	0.89
4.5E-4	4.08	0.89
4.5E-4	4.08	0.89
4.5E-4	4.08	0.89
4.5E-4	4.08	0.89
4.5E-4	4.08	0.89
4.5E-4	4.08	0.89
4.5E-4	4.075	0.89
4.5E-4	4.075	0.89
4.5E-4	4.075	0.89
4.5E-4	4.075	0.89
4.5E-4	4.075	0.89
4.5E-4	4.075	0.89
4.5E-4	4.075	0.89
4.5E-4	4.075	0.89
4.5E-4	4.075	0.89
4.5E-4	4.075	0.89
4.5E-4	4.075	0.89
4.5E-4	4.075	0.89
4.5E-4	4.075	0.89
4.5E-4	4.075	0.89
4.5E-4	4.075	0.89
4.5E-4	4.075	0.89
4.5E-4	4.075	0.89
4.5E-4	4.075	0.89
4.5E-4	4.075	0.89
4.5E-4	4.075	0.89
4.5E-4	4.075	0.89
4.5E-4	4.075	0.89
4.5E-4	4.075	0.89
4.5E-4	4.075	0.89
4.5E-4	4.075	0.89
4.5E-4	4.075	0.89
4.5E-4	4.075	0.89
4.5E-4	4.075	0.89
4.5E-4	4.075	0.89
4.5E-4	4.075	0.89
4.5E-4	4.073	0.89
4.5E-4	4.073	0.89
4.5E-4	4.073	0.89
4.5E-4	4.073	0.89
4.5E-4	4.073	0.89
4.5E-4	4.073	0.89
4.5E-4	4.073	0.89
4.5E-4	4.073	0.89
4.5E-4	4.073	0.89
4.5E-4	4.073	0.89
4.5E-4	4.073	0.89
4.5E-4	4.073	0.89
4.5E-4	4.073	0.89
4.5E-4	4.073	0.89
4.5E-4	4.073	0.89
4.5E-4	4.073	0.89
4.5E-4	4.073	0.89
4.5E-4	4.073	0.89
4.5E-4	4.073	0.89
4.5E-4	4.073	0.89
4.5E-4	4.073	0.89
4.5E-4	4.073	0.89
4.5E-4	4.073	0.89
4.5E-4	4.073	0.89
4.5E-4	4.073	0.89
4.5E-4	4.073	0.89
4.5E-4	4.073	0.89
4.5E-4	4.073	0.89
4.5E-4	4.073	0.89
4.5E-4	4.073	0.89
4.5E-4	4.077	0.89
4.5E-4	4.077	0.89
4.5E-4	4.077	0.89
4.5E-4	4.077	0.89
4.5E-4	4.077	0.89
4.5E-4	4.077	0.89
4.5E-4	4.077	0.89
4.5E-4	4.077	0.89
4.5E-4	4.077	0.89
4.5E-4	4.077	0.89
4.5E-4	4.077	0.89
4.5E-4	4.077	0.89
4.5E-4	4.077	0.89
4.5E-4	4.077	0.89
4.5E-4	4.077	0.89
4.5E-4	4.077	0.89
4.5E-4	4.077	0.89
4.5E-4	4.077	0.89
4.5E-4	4.077	0.89
4.5E-4	4.077	0.89
4.5E-4	4.077	0.89
4.5E-4	4.077	0.89
4.5E-4	4.077	0.89
4.5E-4	4.077	0.89
4.5E-4	4.077	0.89
4.5E-4	4.077	0.89
4.5E-4	4.077	0.89
4.5E-4	4.077	0.89
4.5E-4	4.077	0.89
4.5E-4	4.077	0.89
4.5E-4	4.08	0.89
4.5E-4	4.08	0.88
4.5E-4	4.08	0.88
4.5E-4	4.08	0.88
4.5E-4	4.08	0.88
4.5E-4	4.08	0.88
4.5E-4	4.08	0.88
4.5E-4	4.08	0.88
4.5E-4	4.08	0.88
4.5E-4	4.08	0.88
4.5E-4	4.08	0.88
4.5E-4	4.08	0.88
4.5E-4	4.08	0.88
4.5E-4	4.08	0.88
4.5E-4	4.08	0.88
4.5E-4	4.08	0.88
4.5E-4	4.08	0.88
4.5E-4	4.08	0.88
4.5E-4	4.08	0.88
4.5E-4	4.08	0.88
4.5E-4	4.08	0.88
4.5E-4	4.08	0.88
4.5E-4	4.08	0.88
4.5E-4	4.08	0.88
4.5E-4	4.08	0.88
4.5E-4	4.08	0.88
4.5E-4	4.08	0.88
4.5E-4	4.08	0.88
4.5E-4	4.08	0.88
4.5E-4	4.08	0.88
4.5E-4	4.076	0.88
4.5E-4	4.076	0.88
4.5E-4	4.076	0.88
4.5E-4	4.076	0.88
4.5E-4	4.076	0.88
4.5E-4	4.076	0.88
4.5E-4	4.076	0.88
4.5E-4	4.076	0.88
4.5E-4	4.076	0.88
4.5E-4	4.076	0.88
4.5E-4	4.076	0.88
4.5E-4	4.076	0.88
4.5E-4	4.076	0.88
4.5E-4	4.076	0.88
4.5E-4	4.076	0.88
4.5E-4	4.076	0.88
4.5E-4	4.076	0.88
4.5E-4	4.076	0.88
4.5E-4	4.076	0.88
4.5E-4	4.076	0.88
4.5E-4	4.076	0.88
4.5E-4	4.076	0.88
4.5E-4	4.076	0.88
4.5E-4	4.076	0.88
4.5E-4	4.076	0.88
4.5E-4	4.076	0.88
4.5E-4	4.076	0.88
4.5E-4	4.076	0.88
4.5E-4	4.076	0.88
4.5E-4	4.076	0.88
4.5E-4	4.063	0.88
4.5E-4	4.063	0.88
4.5E-4	4.063	0.88
4.5E-4	4.063	0.88
4.5E-4	4.063	0.88
4.5E-4	4.063	0.88
4.5E-4	4.063	0.88
4.5E-4	4.063	0.88
4.5E-4	4.063	0.88
4.5E-4	4.063	0.88
4.5E-4	4.063	0.88
4.5E-4	4.063	0.88
4.5E-4	4.063	0.88
4.5E-4	4.063	0.88
4.5E-4	4.063	0.88
4.5E-4	4.063	0.88
4.5E-4	4.063	0.88
4.5E-4	4.063	0.88
4.5E-4	4.063	0.88
4.5E-4	4.063	0.88
4.5E-4	4.063	0.88
4.5E-4	4.063	0.88
4.5E-4	4.063	0.88
4.5E-4	4.063	0.88
4.5E-4	4.063	0.88
4.5E-4	4.063	0.88
4.5E-4	4.063	0.88
4.5E-4	4.063	0.88
4.5E-4	4.063	0.88
4.5E-4	4.063	0.88
4.5E-4	4.063	0.88
4.5E-4	4.055	0.88
4.5E-4	4.055	0.88
4.5E-4	4.055	0.88
4.5E-4	4.055	0.88
4.5E-4	4.055	0.88
4.5E-4	4.055	0.88
4.5E-4	4.055	0.88
4.5E-4	4.055	0.88
4.5E-4	4.055	0.88
4.5E-4	4.055	0.88
4.5E-4	4.055	0.88
4.5E-4	4.055	0.88
4.5E-4	4.055	0.88
4.5E-4	4.055	0.88
4.5E-4	4.055	0.88
4.5E-4	4.055	0.88
4.5E-4	4.055	0.88
4.5E-4	4.055	0.88
4.5E-4	4.055	0.88
4.5E-4	4.055	0.88
4.5E-4	4.055	0.88
4.5E-4	4.055	0.88
4.5E-4	4.055	0.88
4.5E-4	4.055	0.88
4.5E-4	4.055	0.88
4.5E-4	4.055	0.88
4.5E-4	4.055	0.88
4.5E-4	4.055	0.88
4.5E-4	4.055	0.88
4.5E-4	4.055	0.88
4.5E-4	4.067	0.88
4.5E-4	4.067	0.88
4.5E-4	4.067	0.88
4.5E-4	4.067	0.88
4.5E-4	4.067	0.88
4.5E-4	4.067	0.88
4.5E-4	4.067	0.88
4.5E-4	4.067	0.88
4.5E-4	4.067	0.88
4.5E-4	4.067	0.88
4.5E-4	4.067	0.88
4.5E-4	4.067	0.88
4.5E-4	4.067	0.88
4.5E-4	4.067	0.88
4.5E-4	4.067	0.88
4.5E-4	4.067	0.88
4.5E-4	4.067	0.88
4.5E-4	4.067	0.88
4.5E-4	4.067	0.88
4.5E-4	4.067	0.88
4.5E-4	4.067	0.88
4.5E-4	4.067	0.88
4.5E-4	4.067	0.88
4.5E-4	4.067	0.88
4.5E-4	4.067	0.88
4.5E-4	4.067	0.88
4.5E-4	4.067	0.88
4.5E-4	4.067	0.88
4.5E-4	4.067	0.88
4.5E-4	4.067	0.88
4.5E-4	4.068	0.88
4.5E-4	4.068	0.88
4.5E-4	4.068	0.88
4.5E-4	4.068	0.88
4.5E-4	4.068	0.88
4.5E-4	4.068	0.88
4.5E-4	4.068	0.88
4.5E-4	4.068	0.88
4.5E-4	4.068	0.88
4.5E-4	4.068	0.88
4.5E-4	4.068	0.88
4.5E-4	4.068	0.88
4.5E-4	4.068	0.88
4.5E-4	4.068	0.88
4.5E-4	4.068	0.88
4.5E-4	4.068	0.88
4.5E-4	4.068	0.88
4.5E-4	4.068	0.88
4.5E-4	4.068	0.88
4.5E-4	4.068	0.88
4.5E-4	4.068	0.88
4.5E-4	4.068	0.88
4.5E-4	4.068	0.88
4.5E-4	4.068	0.88
4.5E-4	4.068	0.88
4.5E-4	4.068	0.88
4.5E-4	4.068	0.88
4.5E-4	4.068	0.88
4.5E-4	4.068	0.88
4.5E-4	4.068	0.88
4.5E-4	4.071	0.88
4.5E-4	4.071	0.88
4.5E-4	4.071	0.88
4.5E-4	4.071	0.88
4.5E-4	4.071	0.88
4.5E-4	4.071	0.88
4.5E-4	4.071	0.88
4.5E-4	4.071	0.88
4.5E-4	4.071	0.88
4.5E-4	4.071	0.88
4.5E-4	4.071	0.88
4.5E-4	4.071	0.88
4.5E-4	4.071	0.88
4.5E-4	4.071	0.88
4.5E-4	4.071	0.88
4.5E-4	4.071	0.88
4.5E-4	4.071	0.88
4.5E-4	4.071	0.88
4.5E-4	4.071	0.88
4.5E-4	4.071	0.88
4.5E-4	4.071	0.88
4.5E-4	4.071	0.88
4.5E-4	4.071	0.88
4.5E-4	4.071	0.88
4.5E-4	4.071	0.88
4.5E-4	4.071	0.88
4.5E-4	4.071	0.88
4.5E-4	4.071	0.88
4.5E-4	4.071	0.88
4.5E-4	4.071	0.88
4.5E-4	4.07	0.87
4.5E-4	4.07	0.87
4.5E-4	4.07	0.87
4.5E-4	4.07	0.87
4.5E-4	4.07	0.87
4.5E-4	4.07	0.87
4.5E-4	4.07	0.87
4.5E-4	4.07	0.87
4.5E-4	4.07	0.87
4.5E-4	4.07	0.87
4.5E-4	4.07	0.87
4.5E-4	4.07	0.87
4.5E-4	4.07	0.87
4.5E-4	4.07	0.87
4.5E-4	4.07	0.87
4.5E-4	4.07	0.87
4.5E-4	4.07	0.87
4.5E-4	4.07	0.87
4.5E-4	4.07	0.87
4.5E-4	4.07	0.87
4.5E-4	4.07	0.87
4.5E-4	4.07	0.87
4.5E-4	4.07	0.87
4.5E-4	4.07	0.87
4.5E-4	4.07	0.87
4.5E-4	4.07	0.87
4.5E-4	4.07	0.87
4.5E-4	4.07	0.87
4.5E-4	4.07	0.87
4.5E-4	4.07	0.87
4.5E-4	4.07	0.87
4.5E-4	4.07	0.87
4.5E-4	4.063	0.87
4.5E-4	4.063	0.87
4.5E-4	4.063	0.87
4.5E-4	4.063	0.87
4.5E-4	4.063	0.87
4.5E-4	4.063	0.87
4.5E-4	4.063	0.87
4.5E-4	4.063	0.87
4.5E-4	4.063	0.87
4.5E-4	4.063	0.87
4.5E-4	4.063	0.87
4.5E-4	4.063	0.87
4.5E-4	4.063	0.87
4.5E-4	4.063	0.87
4.5E-4	4.063	0.87
4.5E-4	4.063	0.87
4.5E-4	4.063	0.87
4.5E-4	4.063	0.87
4.5E-4	4.063	0.87
4.5E-4	4.063	0.87
4.5E-4	4.063	0.87
4.5E-4	4.063	0.87
4.5E-4	4.063	0.87
4.5E-4	4.063	0.87
4.5E-4	4.063	0.87
4.5E-4	4.063	0.87
4.5E-4	4.063	0.87
4.5E-4	4.063	0.87
4.5E-4	4.063	0.87
4.5E-4	4.063	0.87
4.5E-4	4.063	0.87
4.5E-4	3.992	0.87
4.5E-4	3.992	0.87
4.5E-4	3.992	0.87
4.5E-4	3.992	0.87
4.5E-4	3.992	0.87
4.5E-4	3.992	0.87
4.5E-4	3.992	0.87
4.5E-4	3.992	0.87
4.5E-4	3.992	0.87
4.5E-4	3.992	0.87
0.001	4.105	0.87
0.001	4.105	0.87
0.001	4.105	0.87
0.001	4.105	0.87
0.001	4.105	0.87
0.001	4.105	0.87
0.001	4.105	0.87
0.001	4.105	0.87
0.001	4.105	0.87
0.001	4.105	0.87
0.001	4.118	0.87
0.001	4.118	0.87
0.001	4.118	0.87
0.001	4.118	0.87
0.001	4.118	0.87
0.001	4.118	0.87
0.001	4.118	0.87
0.001	4.118	0.87
0.001	4.118	0.87
0.001	4.118	0.87
0.001	4.203	0.87
0.001	4.203	0.87
0.001	4.203	0.87
0.001	4.203	0.87
0.001	4.203	0.87
0.001	4.203	0.87
0.001	4.203	0.87
0.001	4.203	0.87
0.001	4.203	0.87
0.001	4.203	0.87
0.001	4.208	0.87
0.001	4.208	0.87
0.001	4.208	0.87
0.001	4.208	0.87
0.001	4.208	0.87
0.001	4.208	0.87
0.001	4.208	0.87
0.001	4.208	0.87
0.001	4.208	0.87
0.001	4.208	0.87
0.001	4.213	0.87
0.001	4.213	0.87
0.001	4.213	0.87
0.001	4.213	0.87
0.001	4.213	0.87
0.001	4.213	0.87
0.001	4.213	0.87
0.001	4.213	0.87
0.001	4.213	0.87
0.001	4.213	0.87
0.001	4.216	0.87
0.001	4.216	0.87
0.001	4.216	0.87
0.001	4.216	0.87
0.001	4.216	0.87
0.001	4.216	0.87
0.001	4.216	0.87
0.001	4.216	0.87
0.001	4.216	0.87
0.001	4.216	0.87
0.001	4.216	0.87
0.001	4.216	0.87
0.001	4.216	0.87
0.001	4.216	0.87
0.001	4.216	0.87
0.001	4.216	0.87
0.001	4.22	0.87
0.001	4.22	0.87
0.001	4.22	0.87
0.001	4.22	0.87
0.001	4.22	0.87
0.001	4.22	0.87
0.001	4.22	0.87
0.001	4.22	0.87
0.001	4.22	0.87
0.001	4.22	0.87
0.001	4.227	0.87
0.001	4.227	0.87
0.001	4.227	0.87
0.001	4.227	0.87
0.001	4.227	0.87
0.001	4.227	0.87
0.001	4.227	0.87
0.001	4.227	0.87
0.001	4.227	0.87
0.001	4.227	0.87
0.001	4.208	0.87
0.001	4.208	0.87
0.001	4.208	0.87
0.001	4.208	0.87
0.001	4.208	0.87
0.001	4.208	0.87
0.001	4.208	0.87
0.001	4.208	0.87
0.001	4.208	0.87
0.001	4.208	0.87
0.001	4.237	0.87
0.001	4.237	0.87
0.001	4.237	0.87
0.001	4.237	0.87
0.001	4.237	0.87
0.001	4.237	0.87
0.001	4.237	0.87
0.001	4.237	0.87
0.001	4.237	0.87
0.001	4.237	0.87
0.001	4.24	0.87
0.001	4.24	0.87
0.001	4.24	0.87
0.001	4.24	0.87
0.001	4.24	0.87
0.001	4.24	0.87
0.001	4.24	0.87
0.001	4.24	0.87
0.001	4.24	0.87
0.001	4.24	0.87
0.001	4.24	0.87
0.001	4.223	0.88
0.001	4.223	0.88
0.001	4.223	0.88
0.001	4.223	0.88
0.001	4.223	0.88
0.001	4.223	0.88
0.001	4.223	0.88
0.001	4.223	0.88
0.001	4.223	0.88
0.001	4.223	0.88
0.001	4.227	0.88
0.001	4.227	0.88
0.001	4.227	0.88
0.001	4.227	0.88
0.001	4.227	0.88
0.001	4.227	0.88
0.001	4.227	0.88
0.001	4.227	0.88
0.001	4.227	0.88
0.001	4.227	0.88
0.001	4.227	0.88
0.001	4.227	0.88
0.001	4.227	0.88
0.001	4.168	0.88
0.001	4.168	0.88
0.001	4.168	0.88
0.001	4.168	0.88
0.001	4.168	0.88
0.001	4.168	0.88
0.001	4.168	0.88
0.001	4.168	0.88
0.001	4.168	0.88
0.001	4.168	0.88
0.001	4.238	0.88
0.001	4.238	0.88
0.001	4.238	0.88
0.001	4.238	0.88
0.001	4.238	0.88
0.001	4.238	0.88
0.001	4.238	0.88
0.001	4.238	0.88
0.001	4.238	0.88
0.001	4.238	0.88
0.001	4.225	0.88
0.001	4.225	0.88
0.001	4.225	0.88
0.001	4.225	0.88
0.001	4.225	0.88
0.001	4.225	0.88
0.001	4.225	0.88
0.001	4.225	0.88
0.001	4.225	0.88
0.001	4.225	0.88
0.001	4.222	0.88
0.001	4.222	0.88
0.001	4.222	0.88
0.001	4.222	0.88
0.001	4.222	0.88
0.001	4.222	0.88
0.001	4.222	0.88
0.001	4.222	0.88
0.001	4.222	0.88
0.001	4.222	0.88
0.001	4.231	0.88
0.001	4.231	0.88
0.001	4.231	0.88
0.001	4.231	0.88
0.001	4.231	0.88
0.001	4.231	0.88
0.001	4.231	0.88
0.001	4.231	0.88
0.001	4.231	0.88
0.001	4.231	0.88
0.001	4.243	0.88
0.001	4.243	0.88
0.001	4.243	0.88
0.001	4.243	0.88
0.001	4.243	0.88
0.001	4.243	0.88
0.001	4.243	0.88
0.001	4.243	0.88
0.001	4.243	0.88
0.001	4.243	0.88
0.001	4.243	0.88
0.001	4.243	0.88
0.001	4.243	0.88
0.001	4.243	0.88
0.001	4.243	0.88
0.001	4.243	0.88
0.001	4.243	0.88
0.001	4.243	0.88
0.001	4.243	0.88
0.001	4.243	0.88
0.001	4.243	0.88
0.001	4.246	0.88
0.001	4.246	0.88
0.001	4.246	0.88
0.001	4.246	0.88
0.001	4.246	0.88
0.001	4.246	0.88
0.001	4.246	0.88
0.001	4.246	0.88
0.001	4.246	0.88
0.001	4.246	0.88
0.001	4.246	0.88
0.001	4.246	0.88
0.001	4.246	0.88
0.001	4.246	0.88
0.001	4.246	0.88
0.001	4.246	0.88
0.001	4.246	0.88
0.001	4.246	0.88
0.001	4.246	0.88
0.001	4.246	0.88
0.001	4.246	0.88
0.001	4.248	0.88
0.001	4.248	0.88
0.001	4.248	0.88
0.001	4.248	0.88
0.001	4.248	0.88
0.001	4.248	0.88
0.001	4.248	0.88
0.001	4.248	0.88
0.001	4.248	0.88
0.001	4.248	0.88
0.001	4.25	0.88
0.001	4.25	0.88
0.001	4.25	0.88
0.001	4.25	0.88
0.001	4.25	0.88
0.001	4.25	0.88
0.001	4.25	0.88
0.001	4.25	0.88
0.001	4.25	0.88
0.001	4.25	0.88
0.001	4.23	0.88
0.001	4.23	0.88
0.001	4.23	0.88
0.001	4.23	0.88
0.001	4.23	0.88
0.001	4.23	0.88
0.001	4.23	0.88
0.001	4.23	0.88
0.001	4.23	0.88
0.001	4.23	0.88
0.001	4.227	0.88
0.001	4.227	0.88
0.001	4.227	0.88
0.001	4.227	0.88
0.001	4.227	0.88
0.001	4.227	0.88
0.001	4.227	0.88
0.001	4.227	0.88
0.001	4.227	0.88
0.001	4.227	0.88
0.001	4.236	0.88
0.001	4.236	0.88
0.001	4.236	0.88
0.001	4.236	0.88
0.001	4.236	0.88
0.001	4.236	0.88
0.001	4.236	0.88
0.001	4.236	0.88
0.001	4.236	0.88
0.001	4.236	0.88
0.001	4.243	0.88
0.001	4.243	0.88
0.001	4.243	0.88
0.001	4.243	0.88
0.001	4.243	0.88
0.001	4.243	0.88
0.001	4.243	0.88
0.001	4.243	0.88
0.001	4.243	0.88
0.001	4.243	0.88
0.001	4.243	0.88
0.001	4.243	0.88
0.001	4.243	0.88
0.001	4.243	0.88
0.001	4.243	0.88
0.001	4.243	0.88
0.001	4.243	0.88
0.001	4.243	0.88
0.001	4.243	0.88
0.001	4.243	0.88
0.001	4.255	0.88
0.001	4.255	0.88
0.001	4.255	0.88
0.001	4.255	0.88
0.001	4.255	0.88
0.001	4.255	0.88
0.001	4.255	0.88
0.001	4.255	0.88
0.001	4.255	0.88
0.001	4.255	0.88
0.001	4.256	0.88
0.001	4.256	0.88
0.001	4.256	0.88
0.001	4.256	0.88
0.001	4.256	0.88
0.001	4.256	0.88
0.001	4.256	0.88
0.001	4.256	0.88
0.001	4.256	0.88
0.001	4.256	0.88
0.001	4.257	0.89
0.001	4.257	0.89
0.001	4.257	0.89
0.001	4.257	0.89
0.001	4.257	0.89
0.001	4.257	0.89
0.001	4.257	0.89
0.001	4.257	0.89
0.001	4.257	0.89
0.001	4.257	0.89
0.001	4.258	0.89
0.001	4.258	0.89
0.001	4.258	0.89
0.001	4.258	0.89
0.001	4.258	0.89
0.001	4.258	0.89
0.001	4.258	0.89
0.001	4.258	0.89
0.001	4.258	0.89
0.001	4.258	0.89
0.001	4.26	0.89
0.001	4.26	0.89
0.001	4.26	0.89
0.001	4.26	0.89
0.001	4.26	0.89
0.001	4.26	0.89
0.001	4.26	0.89
0.001	4.26	0.89
0.001	4.26	0.89
0.001	4.26	0.89
0.001	4.257	0.89
0.001	4.257	0.89
0.001	4.257	0.89
0.001	4.257	0.89
0.001	4.257	0.89
0.001	4.257	0.89
0.001	4.257	0.89
0.001	4.257	0.89
0.001	4.257	0.89
0.001	4.257	0.89
0.001	4.24	0.89
0.001	4.24	0.89
0.001	4.24	0.89
0.001	4.24	0.89
0.001	4.24	0.89
0.001	4.24	0.89
0.001	4.24	0.89
0.001	4.24	0.89
0.001	4.24	0.89
0.001	4.24	0.89
0.001	4.24	0.89
0.001	4.261	0.89
0.001	4.261	0.89
0.001	4.261	0.89
0.001	4.261	0.89
0.001	4.261	0.89
0.001	4.261	0.89
0.001	4.261	0.89
0.001	4.261	0.89
0.001	4.261	0.89
0.001	4.261	0.89
0.001	4.252	0.89
0.001	4.252	0.89
0.001	4.252	0.89
0.001	4.252	0.89
0.001	4.252	0.89
0.001	4.252	0.89
0.001	4.252	0.89
0.001	4.252	0.89
0.001	4.252	0.89
0.001	4.252	0.89
0.001	4.253	0.89
0.001	4.253	0.89
0.001	4.253	0.89
0.001	4.253	0.89
0.001	4.253	0.89
0.001	4.253	0.89
0.001	4.253	0.89
0.001	4.253	0.89
0.001	4.253	0.89
0.001	4.253	0.89
0.001	4.263	0.89
0.001	4.263	0.89
0.001	4.263	0.89
0.001	4.263	0.89
0.001	4.263	0.89
0.001	4.263	0.89
0.001	4.263	0.89
0.001	4.263	0.89
0.001	4.263	0.89
0.001	4.263	0.89
0.001	4.266	0.89
0.001	4.266	0.89
0.001	4.266	0.89
0.001	4.266	0.89
0.001	4.266	0.89
0.001	4.266	0.89
0.001	4.266	0.89
0.001	4.266	0.89
0.001	4.266	0.89
